67
156
90
113
38
107
74
52
136
16
126
114
184
34
157
145
98
79
154
108
102
145
187
163
183
157
182
192
56
110
120
194
132
90
108
139
137
190
69
152
101
159
200
28
32
48
94
167
76
34
91
177
42
48
15
46
104
61
93
131
141
181
66
71
4
197
147
2
8
100
107
19
97
76
166
92
99
10
93
160
67
44
3
180
38
179
168
68
150
28
54
3
84
196
13
14
15
161
53
174
36
4
141
163
169
119
94
135
59
34
60
110
51
122
193
189
137
147
140
27
61
86
4
114
43
91
46
87
139
59
6
120
69
115
181
129
84
88
157
32
49
97
40
30
172
2
93
90
175
155
112
70
13
43
39
11
99
175
161
184
97
77
199
5
31
115
46
114
112
137
75
8
132
194
67
152
104
96
126
14
91
58
109
130
140
33
5
126
93
9
193
171
195
100
43
103
190
195
56
72
199
29
74
11
195
54
83
101
72
128
47
196
75
185
196
76
122
83
146
142
38
164
1
181
122
156
154
63
38
89
105
73
69
183
68
190
98
120
111
60
28
198
98
163
200
6
129
62
197
45
126
180
186
74
45
94
80
200
163
79
12
12
142
34
56
128
153
76
114
154
20
40
147
170
25
171
80
33
0
172
94
48
25
120
199
1
8
16
173
68
70
1
130
159
11
92
117
38
53
9
116
135
123
85
198
104
189
173
22
48
90
102
197
143
176
7
53
6
149
101
75
110
73
10
149
123
146
161
108
197
37
116
120
34
149
111
13
52
158
154
24
164
100
186
31
137
32
69
100
183
168
53
89
188
63
6
177
8
62
145
57
125
122
15
37
81
198
146
197
141
49
82
47
70
148
179
188
13
72
196
77
194
185
85
69
113
150
76
138
24
13
102
19
77
183
79
136
35
123
78
93
20
114
82
116
81
191
124
110
166
115
133
11
84
43
176
181
189
65
68
84
75
62
9
8
20
149
40
181
180
160
89
40
150
98
9
28
181
133
63
96
44
119
109
98
187
130
17
93
65
76
146
197
104
34
95
123
77
170
17
54
156
152
13
144
121
32
28
159
186
66
34
194
193
175
80
88
86
6
3
175
176
13
107
104
15
155
130
55
112
69
27
78
94
19
26
184
127
142
167
32
53
40
112
149
162
184
135
199
80
148
71
84
125
96
119
137
101
108
199
48
2
89
59
65
88
154
141
178
153
172
17
88
13
133
94
178
7
144
143
42
158
77
172
146
30
179
105
88
177
174
96
113
124
147
132
37
34
62
30
135
140
69
176
52
125
177
95
79
189
88
132
62
89
167
105
102
174
189
141
28
133
47
146
86
49
198
84
185
160
73
158
25
98
132
134
24
152
113
111
99
110
104
3
35
115
103
139
58
143
85
56
196
66
153
43
84
122
91
193
43
99
10
126
191
127
200
159
49
144
125
8
122
136
181
140
168
52
54
79
9
20
27
163
74
179
148
31
192
170
119
154
44
128
116
30
185
55
8
194
102
98
71
104
2
86
111
69
153
183
102
58
119
147
140
166
8
55
161
119
25
0
122
200
85
26
146
138
190
55
192
169
112
178
6
131
58
160
162
109
171
156
148
65
40
49
190
107
65
44
169
194
199
153
74
111
60
50
36
52
129
139
160
31
133
195
194
5
187
120
91
114
83
64
31
95
142
62
175
92
174
147
16
181
149
8
150
42
118
51
118
52
163
108
87
173
140
0
190
43
163
97
167
0
166
59
10
88
140
118
59
47
184
98
44
106
1
1
157
169
1
160
16
59
53
196
146
55
99
115
84
18
199
61
95
144
22
163
72
73
17
116
197
68
5
165
59
147
69
140
38
0
200
179
101
80
119
117
58
145
29
184
199
26
135
10
158
145
127
61
6
121
27
175
108
3
30
9
124
66
134
48
135
145
178
125
80
82
146
113
72
169
106
155
147
83
8
112
157
32
86
123
108
3
130
35
71
15
16
84
68
106
100
127
65
161
96
129
54
130
7
41
152
64
174
140
98
154
131
15
53
188
166
55
130
138
122
64
0
125
104
143
153
2
47
65
40
197
90
152
123
57
48
53
121
200
18
161
34
9
177
49
193
178
128
144
14
79
102
151
142
104
166
111
74
158
33
9
77
143
68
200
141
67
139
142
126
123
66
90
135
40
190
147
147
31
108
117
198
113
25
37
116
101
136
199
1
45
56
136
57
187
195
99
102
103
42
120
143
193
145
100
86
157
126
197
65
143
91
86
2
66
139
41
189
191
136
78
41
35
46
154
90
168
164
45
156
9
77
0
111
94
5
173
166
121
35
0
121
173
123
137
184
26
30
6
119
172
196
91
100
146
175
98
158
39
163
198
112
139
87
184
80
166
107
109
43
177
74
190
78
159
122
75
32
97
164
184
87
81
165
64
184
129
172
133
36
94
54
181
7
44
83
151
122
141
59
168
92
141
127
194
53
78
168
31
53
19
54
97
141
127
76
88
81
171
58
198
105
56
109
74
37
35
127
198
31
141
49
100
197
187
169
17
42
91
72
95
70
80
166
74
161
164
175
5
91
148
3
35
149
36
170
56
17
57
66
172
90
57
134
88
154
50
96
131
100
139
126
144
2
58
92
17
168
117
56
75
8
125
127
21
18
28
194
110
94
53
165
178
30
24
19
89
106
189
30
81
156
106
28
47
198
77
44
166
193
147
131
197
89
195
7
110
196
93
142
134
124
13
200
58
120
112
89
135
113
139
161
140
5
26
179
35
9
20
97
51
189
192
63
52
182
137
6
133
115
69
7
26
124
197
7
38
161
112
118
4
82
136
15
192
152
110
194
73
60
8
188
49
59
64
155
29
73
17
92
96
117
57
25
141
96
144
22
152
148
143
84
103
123
32
104
112
147
15
91
143
117
24
185
29
83
4
14
119
49
46
32
38
27
126
2
131
180
123
15
22
29
197
193
143
187
173
83
81
74
146
72
97
36
36
5
63
40
154
176
105
197
110
188
69
140
64
98
176
103
70
52
87
55
114
79
147
103
60
191
145
84
109
163
3
197
100
108
180
184
0
48
12
44
9
193
83
1
140
115
131
116
50
187
181
166
96
7
3
13
139
155
10
13
141
81
182
62
127
42
90
25
169
35
38
112
88
166
149
45
5
128
164
62
147
177
111
166
156
160
47
151
173
186
195
6
20
174
166
177
47
198
137
151
170
82
112
95
59
30
60
175
56
64
195
192
44
66
183
89
109
12
4
40
154
164
173
10
69
200
60
21
150
149
184
89
96
119
150
115
8
165
49
43
76
125
130
185
98
111
150
59
198
36
126
92
106
157
189
173
33
111
149
15
103
89
68
66
102
89
125
16
117
145
76
52
98
188
158
170
25
195
188
80
125
197
149
68
130
25
65
130
14
74
30
154
30
6
195
66
147
13
144
84
139
94
9
58
83
169
167
3
178
61
124
18
168
166
18
9
117
99
33
60
70
174
50
146
199
76
130
129
16
37
19
144
41
83
136
147
170
77
79
21
6
92
73
194
160
89
159
10
145
99
139
127
24
48
188
27
164
40
62
122
187
114
75
159
59
16
14
192
103
97
169
3
176
122
63
136
81
198
64
54
114
26
13
55
199
25
108
5
154
173
180
199
61
49
127
81
61
141
153
101
1
28
95
100
152
50
32
138
115
64
61
178
92
53
145
101
41
190
50
169
84
97
101
56
49
167
115
116
76
125
130
55
1
53
57
98
39
23
38
146
134
30
129
68
50
40
61
186
104
129
175
105
44
62
18
51
47
90
137
179
16
147
127
73
94
181
107
86
25
42
169
10
152
132
114
29
182
153
104
8
80
139
183
196
60
184
142
144
64
48
187
107
116
86
128
187
23
182
163
4
33
164
64
154
176
151
50
157
28
61
104
2
152
158
22
100
137
187
26
154
47
192
67
110
9
139
7
105
109
39
114
144
43
46
200
96
51
86
87
185
172
79
65
84
181
0
76
72
7
165
127
130
180
58
92
103
114
160
177
30
71
190
124
38
36
127
167
118
101
170
14
58
77
173
191
57
35
31
76
87
178
20
184
188
97
46
75
180
113
178
129
76
99
25
144
195
96
96
32
143
20
26
63
75
141
63
195
89
76
36
171
71
2
171
99
158
123
95
188
2
139
99
195
32
116
34
136
17
82
14
82
83
105
12
84
179
136
1
32
52
30
176
197
36
0
122
135
114
48
197
120
87
22
136
10
46
171
184
151
46
137
129
184
90
144
171
70
69
72
176
45
44
82
43
127
30
155
53
50
119
13
90
195
15
169
47
17
88
131
119
20
157
18
27
51
96
47
148
98
72
127
150
193
162
175
142
159
104
102
77
139
194
12
90
172
57
169
160
68
85
80
114
44
122
38
19
35
145
14
177
6
198
36
10
159
66
111
27
40
149
32
5
31
127
43
196
11
78
150
154
93
26
180
9
156
24
170
60
66
0
141
28
12
133
73
12
47
21
40
74
137
45
9
124
40
58
109
48
171
127
110
177
16
195
9
134
125
17
197
108
108
33
13
110
126
197
97
51
200
87
165
121
30
5
98
87
198
146
21
23
178
103
155
126
114
89
168
162
123
78
191
111
48
14
104
83
78
118
61
49
9
138
60
54
6
9
160
24
31
141
181
19
47
117
23
188
101
67
198
80
99
188
104
81
172
183
82
176
33
145
106
62
15
150
106
174
75
25
15
138
47
181
49
147
196
124
26
150
115
151
38
19
33
170
80
34
132
90
5
4
43
27
138
6
102
75
10
18
51
153
185
173
183
145
124
200
185
109
68
149
133
131
143
37
129
166
128
152
21
176
25
86
55
132
19
123
183
80
107
178
32
74
60
108
30
39
17
75
71
151
29
15
130
3
78
47
147
68
180
22
32
37
111
186
117
41
156
56
123
193
199
48
180
162
181
122
143
110
14
136
138
163
48
114
166
100
115
113
123
120
135
147
165
83
11
116
29
53
111
68
124
176
118
15
198
114
114
172
182
60
120
85
25
131
11
177
70
118
194
183
113
83
161
74
159
85
187
157
75
151
132
117
29
171
101
125
89
131
103
56
89
89
77
20
171
126
123
7
198
13
125
122
103
146
197
49
132
64
165
184
74
89
90
200
107
104
41
185
119
18
199
34
198
122
46
93
195
54
176
2
71
40
76
75
148
153
117
31
179
55
133
22
28
140
78
82
155
89
43
76
118
49
103
151
143
64
35
195
31
14
48
151
43
41
5
59
17
42
82
171
172
39
197
105
59
108
113
165
164
91
6
123
198
75
142
40
174
113
39
160
188
94
185
109
197
44
179
26
134
181
119
132
64
160
92
144
200
160
65
157
21
168
19
26
130
68
187
73
62
7
141
64
145
122
13
165
8
102
101
69
52
105
77
133
15
188
129
116
82
137
34
36
111
119
81
38
142
41
60
170
158
166
110
12
158
184
97
141
21
43
61
162
66
22
75
84
38
65
47
147
72
187
93
64
66
18
51
190
101
69
58
73
124
19
61
125
184
81
125
136
170
200
127
18
196
128
177
99
22
148
22
90
129
189
101
150
186
48
105
63
61
60
88
123
120
177
116
109
193
125
176
129
29
112
180
168
2
114
39
151
133
48
4
19
127
49
12
40
40
148
38
31
193
1
39
108
106
152
192
189
172
187
74
76
143
61
119
75
147
70
160
31
99
154
65
182
179
76
121
38
182
111
107
21
102
175
55
98
40
170
39
118
92
80
92
81
182
151
132
80
91
7
125
153
144
189
14
129
57
102
57
42
77
161
199
45
108
155
113
70
0
111
39
122
22
84
116
186
130
151
132
21
121
77
70
180
13
188
178
145
135
74
175
41
63
8
88
106
141
174
98
157
84
107
133
126
121
73
6
110
158
64
64
22
24
106
167
47
71
80
31
189
120
178
164
142
51
166
120
143
167
163
158
163
82
64
200
199
109
71
49
174
152
146
95
54
69
106
152
5
53
5
130
59
185
83
122
20
199
34
16
164
117
18
141
14
48
47
46
187
51
163
94
80
181
133
101
158
125
23
141
195
178
171
197
182
28
33
190
26
144
93
72
200
158
137
43
40
137
103
28
115
78
174
191
196
110
90
162
134
5
126
130
50
97
159
49
16
102
110
112
109
74
105
77
6
134
131
95
198
86
39
44
183
113
23
30
197
76
172
154
131
0
121
119
42
80
189
124
191
22
72
199
112
120
58
53
112
124
7
38
123
177
104
157
64
127
199
159
41
60
152
186
13
93
34
166
129
190
61
24
10
29
95
74
5
4
67
87
94
145
73
155
29
129
93
172
145
189
152
74
171
147
111
87
79
22
146
142
129
59
146
68
74
192
111
166
46
196
60
62
48
22
57
78
18
187
53
104
43
45
168
42
124
141
165
74
197
153
84
197
141
164
58
51
16
88
151
13
194
113
130
189
93
191
95
198
14
126
60
181
11
133
149
71
60
180
42
99
122
118
105
121
80
5
83
78
178
36
116
163
135
189
164
53
69
176
119
32
41
31
50
126
131
11
96
0
82
13
95
98
63
110
142
133
122
90
162
153
164
52
122
13
154
153
56
161
41
90
181
191
68
78
161
61
113
42
179
35
196
122
0
120
51
59
13
45
18
171
173
153
186
48
170
111
3
132
29
138
3
168
30
89
26
124
20
111
68
58
167
61
70
61
176
92
113
172
25
130
169
95
188
3
28
189
184
135
129
10
173
132
194
71
106
193
190
155
157
165
154
117
178
21
191
179
11
103
91
81
148
175
102
90
29
20
82
94
101
61
180
37
130
47
106
8
196
185
101
57
91
114
50
95
144
136
68
146
101
166
51
161
190
29
124
138
27
130
43
44
29
118
42
86
29
122
180
194
166
62
6
197
187
67
56
85
84
21
180
13
85
36
117
171
91
25
15
22
137
186
128
193
185
7
32
73
54
27
184
160
181
114
51
24
95
2
122
34
180
137
77
27
138
91
105
139
74
0
134
104
76
66
184
46
32
120
168
120
44
6
174
112
95
11
51
97
145
42
11
150
78
48
153
180
193
24
141
153
159
80
166
86
120
153
136
2
197
95
58
194
149
160
32
131
108
199
85
52
57
146
15
18
168
116
123
198
157
106
58
181
133
58
14
177
58
123
82
73
175
103
135
49
191
2
175
136
167
157
111
129
16
164
44
171
139
32
163
118
116
15
96
163
162
171
126
189
27
183
86
199
185
57
195
36
156
188
31
109
135
61
58
182
144
34
152
182
42
119
11
104
186
43
20
21
1
21
86
149
23
36
68
63
76
24
15
74
115
83
20
75
36
97
81
164
80
196
139
105
169
84
176
191
80
113
9
84
142
22
14
118
191
170
63
110
17
167
92
78
88
153
10
95
70
178
192
57
185
185
139
177
91
164
76
3
165
81
60
192
150
36
69
175
37
135
142
71
140
20
1
137
160
110
9
53
9
190
11
101
152
142
188
19
118
67
95
181
66
177
98
80
146
39
24
184
44
179
51
164
110
26
136
130
4
119
71
133
85
29
57
16
31
130
8
83
163
181
90
137
61
98
45
25
163
51
119
89
175
153
186
81
28
170
174
144
115
84
103
166
59
72
27
67
77
54
142
37
13
26
23
66
99
18
133
49
164
150
37
5
135
41
48
42
92
183
69
70
81
98
141
31
85
180
164
51
101
156
176
2
154
139
53
145
101
167
87
87
121
22
1
173
183
117
0
48
96
123
104
82
28
131
112
183
18
116
163
135
123
59
163
179
42
134
125
4
179
124
115
140
88
151
37
39
16
171
138
148
129
145
153
160
124
115
39
45
53
112
3
121
188
157
36
94
20
43
71
78
20
89
184
59
61
23
23
147
47
43
30
133
194
12
176
184
4
93
32
107
40
25
45
82
58
92
2
54
121
20
73
70
138
28
27
47
145
113
69
119
163
79
139
108
179
143
89
36
153
2
158
96
13
18
52
51
76
5
69
17
133
24
135
160
32
16
139
43
85
87
59
4
200
118
48
35
176
150
88
18
36
133
99
158
176
32
31
94
58
134
31
8
142
177
198
13
72
2
178
109
108
142
99
57
105
41
179
98
80
199
56
65
111
143
66
137
173
188
45
133
55
175
158
16
136
89
139
89
79
41
86
100
167
160
109
77
54
64
189
85
135
92
137
127
14
145
50
31
161
44
85
100
9
167
83
26
178
138
72
98
170
14
116
60
148
150
76
194
112
150
133
87
97
192
14
102
190
159
118
33
125
142
190
54
190
87
112
37
161
159
41
184
107
171
9
124
177
50
136
199
77
133
121
61
43
112
27
153
194
131
183
149
11
192
179
165
62
60
26
96
6
54
178
122
108
137
65
53
38
72
123
74
164
181
200
126
155
114
114
94
43
32
23
32
84
19
179
84
151
72
198
172
46
128
177
115
26
148
180
22
44
86
169
94
31
188
83
44
118
160
111
107
45
167
167
148
109
105
163
28
26
63
65
177
27
13
70
19
26
57
133
138
78
89
115
116
180
21
138
19
161
177
26
114
143
63
109
154
200
164
20
89
102
96
121
23
120
110
18
53
57
60
198
103
182
30
174
97
53
194
111
178
58
173
58
69
145
62
36
183
13
64
19
184
149
164
39
53
87
22
131
16
34
145
74
181
102
18
166
109
86
61
148
120
12
20
94
27
109
99
50
129
157
143
164
48
151
81
75
132
187
37
71
137
172
123
18
47
155
86
15
69
124
132
95
10
17
56
55
76
150
43
121
104
153
60
168
24
109
82
10
187
69
156
116
194
127
95
42
88
177
181
155
14
194
144
6
26
8
11
46
160
192
166
78
29
156
192
133
82
36
34
82
56
60
101
77
89
142
194
108
23
47
65
162
4
117
168
74
130
91
43
146
169
64
28
170
153
162
162
114
65
6
167
125
159
36
38
85
192
200
10
73
138
109
167
17
86
19
179
139
15
60
27
131
125
198
8
168
136
38
96
126
119
175
14
185
152
122
27
82
25
1
63
140
116
96
154
93
24
178
16
41
20
1
86
16
33
11
187
5
6
111
111
84
153
194
14
132
156
102
6
26
161
102
182
116
190
66
127
93
180
102
50
22
176
144
108
149
6
148
105
48
91
60
12
58
4
197
87
64
16
6
104
112
22
173
154
48
26
185
191
118
76
56
0
57
51
53
110
82
70
51
36
101
64
195
182
84
103
194
126
37
159
43
155
122
135
191
92
150
33
177
27
132
116
183
107
91
49
49
110
179
148
192
123
89
66
71
40
153
17
21
42
185
117
75
169
185
142
128
138
121
54
127
45
32
92
132
64
110
190
137
43
152
165
48
116
4
7
131
196
114
119
142
186
173
111
173
96
72
183
121
165
91
113
57
32
41
121
100
41
131
121
53
27
169
62
140
101
79
44
180
20
140
199
66
89
110
157
77
187
59
8
165
49
137
65
93
52
48
170
105
121
110
11
195
110
100
175
92
117
75
21
46
124
68
23
27
196
51
141
10
165
60
122
111
153
0
119
188
62
156
147
66
172
165
21
154
70
105
156
174
150
79
37
9
99
12
21
1
18
33
44
165
35
184
39
142
51
31
64
185
98
80
191
12
63
63
126
104
88
129
56
164
112
21
51
197
13
84
121
80
174
158
189
133
70
16
137
122
9
129
111
113
159
4
189
181
29
12
129
25
65
124
132
54
176
142
82
173
105
3
100
99
54
128
195
128
53
94
167
55
19
170
9
155
155
165
173
117
29
53
92
160
129
166
126
83
11
84
131
55
26
9
34
25
170
171
2
39
7
128
11
62
22
175
179
65
194
1
176
38
43
83
99
154
6
66
87
71
170
107
36
3
147
80
79
102
176
29
66
36
116
133
112
194
58
173
133
176
97
185
32
132
83
157
108
4
193
138
82
3
64
30
36
2
123
100
75
173
42
9
126
91
89
175
3
157
24
195
55
171
124
158
9
136
47
76
117
115
197
47
132
99
52
112
115
30
35
30
70
46
192
73
5
67
86
146
14
2
111
1
63
143
6
161
32
62
83
165
110
38
104
26
74
165
89
147
195
0
9
108
197
7
58
142
138
15
82
185
49
44
68
63
173
134
154
7
137
67
186
143
15
125
122
86
113
27
174
199
50
83
102
129
17
108
195
197
82
25
60
30
104
106
94
143
4
47
112
98
113
56
0
178
155
55
100
66
85
187
65
197
143
84
68
157
189
4
35
58
159
52
74
34
14
30
13
74
141
117
185
176
75
123
84
20
167
92
103
196
18
138
138
82
175
176
29
108
175
18
86
116
17
112
153
59
165
34
57
31
118
185
198
27
75
59
161
138
38
158
185
98
102
120
40
189
20
196
140
159
149
164
197
189
25
35
72
21
35
158
184
17
135
126
184
165
48
3
137
132
171
172
198
64
43
104
184
42
123
200
182
61
66
153
52
194
123
146
133
3
176
20
186
123
19
177
93
135
137
164
57
190
29
68
52
199
32
159
8
180
16
171
136
128
105
134
6
174
156
117
155
13
76
21
48
37
126
153
53
95
175
29
178
49
99
98
168
59
52
188
118
180
164
35
170
59
147
91
64
77
140
144
100
136
120
112
119
136
17
28
58
48
158
147
102
129
13
149
144
178
38
83
24
49
97
7
5
118
60
13
184
169
131
30
33
28
132
38
168
89
85
141
131
86
97
194
8
120
83
143
65
65
61
123
102
158
70
155
33
69
80
134
22
32
144
14
140
155
117
108
192
168
116
171
96
54
160
96
12
138
153
38
191
146
126
141
162
195
185
48
134
113
154
35
12
76
29
4
185
171
39
158
141
94
48
98
147
150
17
161
35
141
4
128
196
141
150
44
15
10
95
145
16
128
1
142
49
31
124
165
110
55
56
117
27
64
129
62
41
115
78
8
73
31
158
152
199
190
132
6
75
170
195
147
185
95
88
174
115
7
191
67
33
33
143
60
21
153
137
116
26
39
73
95
36
5
15
123
198
143
3
66
192
108
166
175
146
43
173
148
131
38
58
20
112
139
9
191
66
54
129
169
187
51
187
2
178
29
71
116
79
1
120
115
49
32
19
98
186
15
152
34
47
119
174
5
184
186
6
197
43
65
116
44
34
192
28
101
97
38
3
89
177
76
153
199
69
60
119
187
86
100
175
129
87
166
30
178
49
14
52
17
90
0
139
0
50
11
47
140
60
44
170
83
66
111
169
16
54
173
79
97
186
88
36
113
113
134
170
87
61
132
191
60
170
3
45
157
74
13
4
24
91
12
154
70
102
63
143
118
28
160
146
84
124
182
49
186
87
59
165
61
49
1
8
41
154
9
166
39
11
34
53
143
191
163
146
39
113
127
154
17
111
28
67
50
119
171
85
33
37
68
22
120
90
89
147
142
191
22
161
111
197
79
81
84
21
185
84
141
141
11
5
30
17
44
133
35
117
151
83
86
35
27
45
58
141
40
33
104
195
154
47
169
85
2
162
166
187
3
100
4
91
190
58
167
11
39
18
94
0
46
177
46
173
184
12
163
188
56
159
98
107
87
173
12
18
124
153
57
178
132
127
170
46
19
87
81
87
59
170
114
30
186
186
80
100
9
186
73
157
125
135
115
150
176
43
90
62
188
132
151
43
191
175
63
152
65
42
131
126
176
93
0
31
21
131
38
8
105
191
78
6
43
63
136
130
50
95
28
194
183
104
0
23
58
124
133
153
96
109
198
110
59
64
60
48
105
117
189
145
26
140
3
31
3
19
22
200
116
172
114
99
47
108
31
181
9
80
172
122
111
53
85
188
7
4
172
183
99
31
197
74
5
70
200
87
92
104
37
37
113
129
198
59
147
74
69
193
43
140
83
43
56
120
4
89
149
71
89
192
127
80
151
28
127
26
139
59
72
77
119
128
131
35
47
70
158
71
24
91
132
59
21
172
49
78
100
17
28
108
104
39
96
129
116
12
128
164
65
174
197
49
141
164
60
169
183
64
42
100
8
44
144
85
74
127
54
18
119
159
45
179
179
172
196
127
129
117
147
166
196
70
3
9
117
47
148
163
20
0
115
62
192
135
123
104
105
124
31
158
48
3
18
112
179
146
33
121
135
200
180
170
194
162
44
150
58
31
19
79
97
55
177
45
110
161
133
62
141
185
117
49
98
78
181
38
13
27
1
184
155
175
82
178
109
134
143
160
165
149
118
170
42
188
171
21
197
26
11
125
183
147
118
25
190
115
83
29
175
42
179
61
156
41
72
25
36
183
181
134
8
119
143
114
72
137
104
44
151
52
5
